
strategic_region={
	id=70
	name="STRATEGICREGION_70"
	provinces={
		44 520 797 877 1786 1920 1962 2647 2823 2852 2945 3592 3867 4307 4605 4640 4912 5133 5207 5302 5872 5951 6069 6077 6697 6716 7127 8196 8339 8413 8499 8852 9565 9733 9771 9813 10123 10212 11456 11484 11494 11569 19908 19918 19919 19969 19974 19985 19996 19997 20006 20041 20070 20079 20080 20091 20127 20140 20148 20149 20176 20209 20210 20218 20219 20235 20257 20266 20273 20274 20299 20319 20342 20354 20359 20365 20371 20385 20396 20418 20419 20475 20481 20489 20527 20530 
	}
	weather={
	}
}
