
strategic_region={
	id=74
	name="STRATEGICREGION_74"
	provinces={
		37 265 333 526 1163 1230 2022 2065 2689 3162 3255 3381 3797 4412 4822 4886 5868 6247 6348 6427 7539 8075 8432 9024 9099 9238 9421 9607 10148 10303 10567 10759 10862 11503 11544 18475 18532 18665 18705 18778 18792 18814 18831 18845 18850 18873 18881 18882 18883 18904 18947 18961 18968 18971 18985 19004 19014 19058 19066 19067 19093 19115 19128 19195 19267 19357 19411 19433 19454 19491 19537 19665 19684 19747 19758 19780 19832 19833 19902 19986 
	}
	weather={
	}
}
