
strategic_region={
	id=76
	name="STRATEGICREGION_76"
	provinces={
		311 421 605 1301 1454 1536 2081 3493 4081 4083 4499 4683 5058 5079 5657 5856 6091 6293 7563 8971 9494 10322 10656 10817 11154 11180 11272 11370 11406 11448 11565 11566 11835 11960 12093 12168 12199 18441 18521 18531 18546 18576 18577 18613 18631 18632 18633 18642 18675 18685 18686 18697 18723 18724 18725 18735 18736 18759 18760 18771 18813 18825 18837 18838 18839 18866 18917 18940 18958 18966 18984 19019 19030 19044 19057 19075 
	}
	weather={
	}
}
