3 5 20428 2074 20284 20261 20239 
2 5 20428 20470 4963 3301 20605 
1 3 20464 11765 20587 
1 5 6973 20381 20435 20427 20464 
2 4 6973 568 11735 20293 
2 4 6973 11870 20246 20159 
3 6 20159 11604 20213 20190 6258 20239 
2 4 19989 20007 3300 20159 
1 3 20293 5052 20408 
3 5 6648 2090 19839 19896 19989 
2 3 19692 10174 19895 
3 3 19692 7433 6648 
4 3 9306 8893 19692 
1 4 9306 9327 5474 1576 
2 4 9306 19554 19604 10361 
2 4 10361 19727 482 19877 
2 6 10361 19727 19759 10779 4977 20020 
1 4 9306 19323 19248 19185 
1 3 19877 7423 8527 
1 4 8527 10627 1194 20293 
1 4 19895 8404 19894 19877 
3 4 20239 6258 20115 19989 
2 5 19989 20007 9142 19931 19895 
1 4 1576 6709 19612 6648 
1 3 8314 18842 18937 
3 5 8314 18842 18937 19024 9624 
3 4 9624 19197 19289 19366 
3 4 19366 19455 9618 19424 
2 5 19366 19455 9618 11525 7915 
3 5 8314 11344 18467 18400 18336 
3 3 18336 18254 4466 
2 6 8314 11344 18386 18290 1902 18043 
1 5 18043 17912 287 875 11860 
3 6 8897 18869 18795 18700 9696 18559 
1 3 18559 18538 11126 
2 6 18559 18470 18359 18306 18201 18082 
2 8 18082 6227 17973 17987 17859 3688 17710 8956 
1 9 18082 6227 17973 17987 17902 17769 12013 17497 11860 
2 4 8956 17393 10445 8453 
3 4 8453 17013 16948 8673 
3 5 8673 17040 16993 7304 16764 
2 4 16764 16656 5073 11183 
2 4 8453 5803 4005 6412 
1 3 6412 16468 16352 
1 3 16352 6115 6009 
1 3 6009 15871 9896 
1 5 7915 11525 19582 19512 19456 
1 3 20428 8617 5862 
1 6 11860 8972 9247 7751 4460 16934 
1 3 16934 16843 3806 
1 4 4466 17997 2688 17675 
1 4 17675 17525 4848 2652 
1 4 2652 17039 16896 3806 
1 6 2652 17038 16947 16711 16579 6315 
4 2 451 15460 
3 3 14611 3309 6403 
1 4 11394 8458 12173 20398 
1 8 19456 19380 9935 19223 8869 19146 19061 8897 
1 2 9320 15067 
3 7 15067 8437 15077 15117 4163 9603 14908 
2 2 12302 14908 
4 3 15460 15570 15635 
3 2 11665 16672 
3 5 9945 15792 8205 8837 16064 
3 4 16064 1054 16289 8707 
3 3 8707 11807 4104 
3 6 4104 9129 16223 16224 16346 11882 
2 7 14611 14459 10040 2521 4748 296 14500 
3 4 19876 3769 11182 3322 
3 3 3322 5369 19587 
1 2 7255 19587 
3 7 9502 20099 20081 5940 20052 5307 19876 
2 5 9502 19978 19979 10417 20124 
2 6 19979 7617 19811 19820 12169 19773 
1 6 19876 3769 11288 8733 10691 19587 
3 6 19876 11016 19868 19836 4580 7617 
2 4 7617 19891 19892 8845 
1 2 19773 3368 
2 7 19773 19691 1892 19736 19748 9252 19587 
3 2 18295 5846 
2 6 4201 11331 18041 2799 18112 5846 
2 3 4201 17934 18042 
1 9 4201 17709 12142 6736 4286 17370 17191 173 4862 
1 7 4862 17022 17149 3657 7920 8702 8889 
3 4 5846 18096 8889 272 
2 5 5846 4351 18433 10874 18689 
1 3 5846 18211 18148 
1 7 18148 18147 18237 18327 11574 18500 18572 
1 4 18572 18443 18358 8570 
2 6 234 21861 7699 4562 8215 21746 
3 3 6135 3069 1532 
2 13 3069 21746 6527 3632 21739 3722 1965 21625 11440 11939 21518 1069 4799 
1 3 11105 11350 21625 
1 2 4799 21482 
2 6 21482 6681 9780 1027 9075 9772 
1 5 6135 21731 6 8046 2491 
1 3 9772 12004 2491 
1 5 2491 1394 4312 21601 8142 
2 4 5988 21790 1781 8046 
1 4 8142 7718 7103 10099 
1 8 10099 21468 983 21413 6641 21365 3946 21248 
1 9 21567 10247 21581 6989 21680 12200 9087 8601 5988 
3 3 19023 18941 18937 
1 4 3765 20675 8821 6519 
1 4 8821 20561 20623 20617 
1 3 20617 7058 20666 
2 4 6519 1028 20462 2667 
2 4 2667 5701 3415 11615 
2 5 19270 19187 8613 19033 9013 
1 6 9013 18960 9983 8786 19060 19176 
1 6 8786 9709 2437 18841 18804 4982 
1 3 9013 9219 18689 
1 4 2437 9511 18679 18572 
1 6 17934 17986 17948 10982 18022 4466 
1 5 6736 17337 17227 17180 2652 
2 6 19288 19249 4617 19069 18986 4982 
1 5 19176 19260 8072 19221 19288 
4 5 19270 533 19438 19460 10293 
3 16 10293 19607 19713 6769 5655 19860 19761 1520 19752 12133 4852 19949 19960 20036 235 20131 
1 5 4852 19959 10257 20074 20142 
2 8 20142 20180 20138 20160 20167 20152 7893 2917 
1 6 20142 11457 4680 10580 19750 9656 
2 3 2917 11541 6258 
2 5 2917 19938 19852 19774 9656 
2 3 9656 9234 9523 
2 6 12133 8048 19751 5183 19623 19567 
1 5 19567 19544 11416 19510 9523 
1 5 19567 19486 19401 4493 19288 
1 3 71 3640 16972 
2 4 16972 17081 845 17281 
2 7 16972 10624 16822 16686 16780 9592 308 
2 6 10871 16989 17032 8579 17021 11954 
3 5 11665 16685 4396 10421 16641 
3 3 16641 16758 11954 
3 2 16641 2326 
4 6 2326 16490 16359 16324 8999 9149 
4 4 2326 16398 16399 1878 
1 6 11954 1024 17116 9216 17414 17534 
1 8 17534 2091 17329 17413 17262 5918 9583 3417 
3 6 3417 10797 16671 6792 4182 11665 
3 2 1878 10086 
3 6 10086 2270 16110 7572 6406 15791 
4 2 9149 16050 
4 4 16050 8192 10355 15791 
4 6 16050 15948 9858 15865 15740 15635 
4 4 15791 11947 2614 15635 
3 6 11947 6346 7878 7622 3568 15260 
2 5 15118 3915 10192 10162 12035 
3 6 15118 15230 1867 15329 8237 9945 
3 3 15260 8903 15118 
3 2 15260 15163 
4 4 15163 8498 10745 451 
3 6 15163 15068 14972 10762 7823 14580 
2 4 14580 14501 8431 10738 
2 4 10738 14248 6299 11307 
3 4 14580 14670 14755 6403 
3 5 6403 14871 11987 1466 14908 
2 4 10738 544 4725 2521 
3 4 14500 8239 14669 14908 
3 7 1054 16169 11342 5291 10924 16384 10086 
1 2 4877 369 
1 3 369 19553 7017 
1 3 7017 19494 10354 
3 5 7017 19597 19658 10511 19659 
2 4 19659 19588 19526 4802 
1 4 19659 8397 11446 5097 
1 5 5097 19930 5312 19824 19782 
1 6 11615 4939 10034 20108 5007 8845 
1 2 3368 19782 
1 2 19691 19658 
1 2 20617 20537 
2 5 3415 20316 20315 10693 10654 
1 2 10654 20124 
2 5 1323 5437 9992 11928 18371 
2 5 1323 18616 18678 18748 446 
2 5 1323 5437 18432 9407 4646 
1 7 18678 18747 5077 18935 6741 19039 11068 
1 5 19008 9789 4129 7010 1840 
1 4 4129 9789 9115 19105 
1 4 19032 19105 19137 19185 
1 4 19032 906 18884 18794 
2 6 10460 4070 17674 17642 3321 17522 
2 4 1323 18677 18582 11404 
2 4 5539 7964 19138 7614 
3 3 1323 18762 5539 
2 4 11404 18466 9080 8976 
2 6 8976 18431 18537 9096 18746 18794 
2 3 8976 3298 2333 
1 6 8976 18210 18186 18095 17972 10460 
1 3 4070 17779 10600 
2 3 10600 10660 18054 
1 3 2144 19719 19797 
1 3 2144 19621 19578 
1 3 2144 3723 19630 
1 2 19630 703 
2 2 2144 2015 
1 2 2015 11096 
1 2 2015 19532 
1 3 3723 19532 11096 
1 2 11096 7106 
2 3 2015 19449 4957 
1 3 4957 19340 6169 
1 3 19340 19280 8789 
2 3 8789 19174 4025 
3 4 4957 19330 19245 4025 
2 2 4025 19083 
1 4 4025 19082 12047 11980 
2 4 11980 4840 7953 18676 
1 6 18676 18580 18476 6589 4798 18635 
2 4 18676 18744 8787 18635 
1 2 18744 4544 
2 2 18635 10789 
3 2 18635 18589 
2 3 18589 18523 18454 
1 2 18454 8541 
3 3 18589 1201 2040 
1 4 18454 18510 18590 6221 
1 2 6221 18581 
1 3 6221 18772 18893 
1 3 18893 5119 1746 
2 4 18893 18949 18860 2040 
3 3 2040 18919 3826 
2 3 3826 19037 19083 
1 2 3826 19117 
1 2 4544 12047 
1 3 7545 19184 10857 
2 2 7545 12147 
1 2 1746 19184 
3 3 7545 19322 19345 
2 4 10024 4712 19345 19434 
1 2 10024 19117 
1 2 10024 8789 
3 4 7545 19358 11759 5949 
2 3 11759 1861 10142 
1 2 5949 19622 
1 3 5949 3760 9743 
1 2 9743 19726 
1 2 9743 9875 
1 5 9875 19700 11445 19851 3828 
1 3 5949 19492 19434 
2 3 19434 19505 9875 
1 4 19505 19484 11436 19578 
1 2 19484 6169 
2 2 19622 11182 
1 2 11182 19726 
1 3 19876 19803 3828 
5 4 20343 3823 20226 9568 
5 3 20343 20360 8081 
2 3 3823 9776 20237 
1 5 20237 6080 524 20072 20085 
1 3 524 1687 19947 
3 3 20237 20288 20347 
2 2 20347 1696 
3 5 20288 8854 20267 8273 20085 
1 2 20267 20348 
3 5 20347 11800 20348 11341 9918 
2 2 9918 1177 
3 5 20085 4277 20166 20238 9918 
2 3 20238 6572 9443 
2 3 9443 20098 6198 
2 4 9443 6702 20178 6208 
2 3 9443 4597 19977 
2 3 19977 10621 19797 
2 4 19977 6587 10047 19749 
1 4 6208 20179 9544 19999 
1 2 19999 10235 
1 3 19999 20057 20066 
1 2 10235 11445 
2 4 2040 12143 19095 12147 
2 3 20066 8515 19876 
1 3 20057 20129 9544 
1 3 5307 20067 7742 
5 4 9568 20123 11088 4613 
1 4 20369 20423 9605 20506 
3 5 9605 20506 5326 20469 20468 
1 3 11183 4333 16115 
3 4 16115 16104 9446 7923 
1 4 16948 823 16597 16469 
1 3 15979 7323 7923 
2 2 20468 1303 
1 3 16737 16871 16948 
3 6 8519 17267 17252 17334 1753 12103 
2 4 12103 17358 17447 2712 
3 4 8519 17335 17432 17576 
1 3 17576 17644 8512 
1 4 7784 17575 17509 8519 
2 4 11284 18008 9521 17644 
1 5 5426 16933 17002 17105 17267 
1 3 16735 2511 17002 
3 6 8512 17645 17524 17418 7157 3671 
2 3 17418 11742 17118 
3 6 17236 5782 9957 17226 9449 17118 
1 4 17118 17003 7891 2130 
1 6 2130 16772 8931 16709 859 16648 
1 5 17003 9282 11826 16796 16771 
2 3 11826 7079 16466 
1 4 16466 5176 16373 820 
1 12 16466 16351 2105 16247 16204 16114 2372 15870 15717 15638 10536 251 
2 5 16648 6241 16328 7977 16230 
3 5 6600 9266 15390 15314 15234 
2 3 6600 15500 15603 
1 4 16077 3707 15733 15603 
1 4 16230 16180 11247 16077 
2 4 16077 2836 15938 5001 
1 5 5001 15858 10110 15805 10582 
1 3 16077 16143 11056 
1 6 15390 15472 15582 7237 15828 6175 
1 4 15423 15445 15325 15234 
1 7 820 8556 6168 16142 16125 16126 7977 
1 3 16125 10754 15828 
1 4 11273 7607 14708 364 
1 3 11273 9258 14952 
1 3 15234 15198 14952 
1 4 15638 5726 2300 10312 
1 5 364 14764 7183 9289 14673 
1 3 600 9132 15183 
1 4 8049 6707 6356 600 
1 5 600 15129 15197 15130 10312 
2 4 4249 9275 15333 15183 
1 8 15637 11935 15911 1617 5629 16056 8554 16228 
2 5 8554 15989 10494 15743 4249 
1 4 11529 15754 15661 4249 
1 5 2429 1444 16825 6120 16964 
2 5 2429 16576 16708 16842 5426 
1 3 16964 8148 2712 
1 4 2429 16297 11269 16228 
1 3 11529 11533 16123 
1 6 16123 16211 16122 5914 9793 16432 
2 4 17236 6421 5364 3657 
1 6 3671 6229 17911 9379 10550 18147 
1 3 11284 11914 11928 
1 5 4646 17947 4283 8828 11284 
1 6 17947 11810 7784 17850 8926 2333 
1 7 7854 4486 20483 1540 20490 5096 5795 
2 6 7854 3172 20453 20482 10258 5864 
5 4 4349 20785 3782 20704 
5 3 20704 9538 4073 
5 3 4073 8066 20536 
2 2 4073 7394 
1 4 7394 7267 2449 20348 
2 3 7394 20519 6417 
1 3 20519 57 20615 
3 5 20615 20665 20715 1229 20704 
5 4 20704 9736 20814 20875 
2 3 20715 2603 3893 
1 8 20875 3893 20884 20867 1721 20833 1634 20736 
1 3 6483 20616 20672 
2 4 20736 11725 6483 20672 
1 4 20672 1601 20640 20673 
1 3 20673 9060 5127 
1 6 5127 20700 20722 11876 20737 7058 
1 5 20700 4262 20674 20641 20666 
1 4 20616 7877 20485 20442 
1 3 20442 20380 7687 
1 7 20252 7687 8746 7158 20388 7437 20373 
1 2 20252 7742 
1 4 20373 8977 2982 10693 
1 2 7437 8977 
1 2 5708 20179 
3 3 20442 3362 20322 
1 2 20322 5708 
2 4 20322 6700 1659 638 
1 2 638 7246 
1 4 7246 20387 6000 20178 
1 4 7246 9109 8980 6417 
1 2 8980 1177 
3 6 20615 20567 7265 20510 20491 7246 
1 5 9557 20874 20932 20941 6676 
1 6 20932 20891 20873 20832 10675 20756 
1 6 20537 20492 20455 5428 20349 10693 
1 2 4939 20000 
1 2 20000 5312 
1 2 4939 20158 
1 8 20254 20204 4948 20083 20046 10176 11454 9297 
2 3 20254 10540 60 
1 4 60 20422 4041 7653 
1 2 20422 20368 
1 2 4041 4581 
1 4 60 4736 20376 20339 
1 5 9297 19951 19964 2157 10974 
2 3 10974 25 20163 
1 4 20163 20230 20285 13673 
2 5 10974 11683 19869 10484 19738 
1 4 19869 12021 6858 20032 
2 6 19738 4174 19593 19528 4222 19381 
1 5 4222 340 19316 19272 19189 
2 8 19381 19445 9845 19412 5086 19461 9829 19462 
1 4 19198 11109 19107 11053 
1 2 11053 19198 
1 4 19462 10816 19372 19326 
2 6 19326 19261 11097 19141 19206 7126 
1 5 1632 9281 20002 11689 19940 
1 3 19940 19845 6021 
1 7 19940 8483 4888 1683 8823 19702 8664 
1 6 9281 10702 20232 4236 20310 8342 
1 4 8342 5147 20087 3179 
1 5 3179 8197 19871 9160 8664 
1 3 11842 19214 2973 
1 6 2973 19429 7052 5461 10510 5335 
1 5 9601 18870 2192 18912 18976 
1 8 2973 19413 8918 19463 19541 11653 11463 19471 
1 2 19471 6011 
1 6 20101 10558 20022 2818 19991 20054 
1 2 20054 11913 
1 8 20101 1773 20045 20102 2557 19897 9560 19799 
1 20 20907 20965 6139 20942 7708 20788 9699 12101 20681 9499 20655 20634 10622 20719 6595 20789 6799 20894 20903 20880 
1 2 20880 20907 
1 3 6869 14454 10411 
1 4 7255 4877 19435 10354 
1 4 19435 9284 19311 4028 
1 5 4028 10403 19068 6953 18906 
2 7 4802 19346 19268 195 6840 8255 18906 
2 5 4802 19312 12124 19145 19046 
1 6 19046 9707 19247 19258 19331 19332 
1 7 19258 6429 18996 19007 18907 18793 10699 
1 6 19046 18951 11714 2371 18727 18666 
1 7 18906 18803 18726 18666 8728 8242 18570 
2 7 18570 18615 4173 10834 18895 19006 19046 
1 5 18615 7174 10699 3482 1465 
1 6 10699 9119 18383 18271 18143 18007 
1 4 3765 20684 12212 20587 
1 4 2667 20367 2296 20408 
1 3 20158 11749 20020 
1 3 5097 19837 10779 
1 5 1465 10900 1058 18817 18794 
1 2 18007 10600 
1 6 18271 18320 11047 18408 8790 18570 
1 5 4613 20199 11771 20275 3172 
5 3 20536 8085 8081 
1 4 20536 20566 11060 5795 
5 8 11088 19986 19902 19832 19780 19665 37 19537 
5 5 37 19684 19636 10941 4707 
5 8 19537 19491 19411 2022 2689 19066 18985 10862 
1 7 2689 19115 19195 4886 19157 711 7683 
5 5 10862 3162 18882 9238 6348 
5 3 10862 19128 19093 
5 3 10862 19004 19093 
1 9 19093 6661 19182 11956 7310 18967 18866 18771 9494 
1 5 11956 19275 19309 19383 19442 
1 3 19442 19356 8489 
1 4 19442 19483 19531 7412 
1 4 7412 19673 19756 19819 
1 5 7412 19718 10025 2431 8661 
1 7 2431 19802 19725 6842 19699 19654 19617 
1 8 1520 11181 19533 1980 11326 8004 8171 19176 
5 6 4711 11242 17849 2388 17855 17922 
1 4 17922 7241 7678 18171 
5 4 17922 6255 8612 17493 
1 3 4872 17516 10012 
1 3 17206 17083 16974 
5 4 17922 495 5981 11381 
5 4 11381 11646 18464 6348 
5 4 11381 12007 4751 18643 
5 11 4751 1111 18325 18252 11260 18128 4976 17899 551 10473 18078 
1 6 17083 11820 17301 7629 17606 406 
1 4 406 7484 9782 17899 
5 6 10473 17992 4146 5731 18172 18079 
1 2 4146 9933 
5 5 18078 7447 18302 18129 4146 
1 4 18172 6770 9444 18407 
5 6 18079 4966 18161 18288 18269 18368 
5 8 4966 10748 17740 7261 17508 17445 17474 17519 
5 8 17519 17417 347 12105 11263 3911 580 3604 
5 3 816 10574 347 
5 4 17519 17686 12192 9418 
2 4 9418 18073 6159 18270 
5 6 9418 5415 11865 9063 1788 17870 
2 6 1788 2653 18319 7489 18347 8541 
1 3 18319 18416 7400 
1 3 18581 10376 7400 
5 5 816 11640 17315 17521 10557 
1 3 10557 3815 11318 
5 10 10557 17446 17405 4773 17460 17536 8276 17302 2468 17522 
1 3 17522 17388 17266 
1 2 17302 11389 
1 4 2468 17590 17708 9037 
5 4 17460 17742 11048 17971 
1 4 4773 201 17036 4929 
1 4 17036 17136 3347 17163 
5 6 16974 16838 16747 16613 2073 11882 
1 3 17493 4872 17206 
2 2 5305 17206 
4 2 6403 929 
5 3 15421 15300 451 
4 4 929 15078 10313 451 
3 6 308 16541 16642 11726 10871 4101 
1 2 1878 16541 
1 6 71 17010 4879 16810 16704 16746 
1 5 16746 16575 16441 16325 4104 
2 9 19956 20050 20122 20186 10726 8497 5172 1952 20335 
1 7 10726 20292 20244 20281 20225 10467 9889 
1 6 20122 5584 20071 20056 2961 20016 
4 4 20335 20314 1786 20419 
3 7 20419 4912 9813 11494 797 6716 7127 
2 9 7127 8196 20489 4307 20591 9661 20702 12087 7544 
1 3 20591 20577 10787 
3 4 7127 20359 2823 5872 
1 12 7544 622 20611 10787 2527 20456 20396 20354 520 11569 20235 5872 
1 7 10787 20540 11596 6190 20385 5302 20218 
2 6 20218 6077 2945 8499 19918 5207 
3 5 5207 19985 44 20148 1962 
2 3 5872 20257 20176 
2 2 1962 20176 
2 5 20176 3867 20127 6697 20079 
1 5 20079 20080 19997 19901 10058 
1 2 19054 2593 
2 4 8028 11887 18849 2593 
2 5 2593 2737 18770 18696 18722 
1 5 18880 5357 18939 3462 2737 
1 2 841 18824 
3 3 18722 18710 11279 
2 3 18710 841 18880 
1 5 11279 18380 11694 18266 7491 
1 2 11694 2948 
3 6 11678 19574 19644 7169 19770 5207 
3 7 11678 19409 1442 19274 11990 19079 8028 
1 6 19644 11788 19711 19689 19712 11050 
3 17 11678 19418 12201 19319 2420 19337 19266 6804 19153 9536 10819 9175 19489 19575 3834 19611 11050 
3 4 9175 19477 19551 19620 
1 3 6804 19055 3462 
2 3 10058 19672 3834 
1 4 19620 19697 5499 10058 
1 4 10058 12118 11518 9671 
2 7 9671 9889 20016 2756 19817 6484 19620 
2 3 9536 331 11051 
2 7 2756 19866 19842 19792 19778 8683 19698 
2 7 19698 19617 6053 19466 6309 19329 8649 
1 4 19466 3745 7973 9655 
2 6 9655 19285 4983 11168 6293 1301 
2 6 9655 11790 19441 19391 10383 19477 
2 5 16489 1655 16573 16734 10797 
2 6 10223 18232 18344 18463 18597 1038 
2 4 10223 18050 4389 12171 
2 8 12171 2269 10694 18107 18217 18218 158 2948 
1 4 18107 3676 1628 18344 
1 11 18107 7013 17835 11902 17614 5931 2700 17441 17353 17440 818 
2 3 12171 561 3373 
2 5 3373 17584 818 17277 5590 
2 3 5590 16890 16757 
3 6 16757 5216 8803 17030 17147 17221 
2 4 17221 17093 9056 16734 
1 5 11024 425 3864 11960 18866 
1 4 11024 8489 19320 19376 
1 6 8489 19181 19080 11986 4683 18725 
1 6 9494 18675 4081 18633 18613 18725 
3 3 18725 12199 605 
3 8 605 18958 1454 18686 18632 10843 6549 18267 
1 3 18958 19044 19104 
3 4 18267 11799 17958 5728 
2 4 5728 17755 11311 17910 
3 3 5728 9104 17823 
3 10 18267 11131 18576 18685 10322 11835 2081 19057 19163 8649 
1 5 2081 19075 18984 18917 1301 
3 5 11131 5657 1536 11406 5527 
3 4 5527 6926 18285 7491 
2 8 7491 2780 17957 17739 10145 17671 17765 17823 
2 6 17957 11886 18092 2216 18318 1536 
1 3 18849 6541 1038 
