1 44 
1 158 
1 234 
1 251 
1 308 
1 364 
1 369 
1 406 
1 446 
1 451 
1 520 
1 600 
1 605 
1 711 
1 797 
1 816 
1 929 
1 1038 
1 1301 
1 1323 
1 1465 
1 1520 
1 1532 
1 1540 
1 1576 
1 1840 
1 1878 
1 2040 
1 2130 
1 2144 
1 2372 
1 2429 
1 2431 
1 2491 
1 2521 
1 2593 
1 2667 
1 2712 
1 2780 
1 2842 
1 2917 
1 3069 
1 3415 
1 3462 
1 3604 
1 3632 
1 3671 
1 3765 
1 3806 
1 3826 
1 4025 
1 4028 
1 4073 
1 4101 
1 4104 
1 4129 
1 4182 
1 4201 
1 4249 
1 4349 
1 4466 
1 4711 
1 4773 
1 4852 
1 4862 
1 4957 
1 4982 
1 5001 
1 5097 
1 5127 
1 5305 
1 5426 
1 5527 
1 5590 
1 5629 
1 5846 
1 5862 
1 5864 
1 5949 
1 6080 
1 6120 
1 6135 
1 6175 
1 6208 
1 6221 
1 6315 
1 6403 
1 6519 
1 6600 
1 6648 
1 6676 
1 6736 
1 6973 
1 7017 
1 7127 
1 7246 
1 7412 
1 7544 
1 7545 
1 7556 
1 7614 
1 7617 
1 7784 
1 7915 
1 7923 
1 8049 
1 8142 
1 8192 
1 8273 
1 8314 
1 8453 
1 8512 
1 8519 
1 8527 
1 8570 
1 8673 
1 8707 
1 8897 
1 8956 
1 9013 
1 9149 
1 9306 
1 9320 
1 9418 
1 9443 
1 9494 
1 9502 
1 9521 
1 9523 
1 9557 
1 9568 
1 9624 
1 9655 
1 9671 
1 9743 
1 9772 
1 9875 
1 9945 
1 9957 
1 10047 
1 10058 
1 10099 
1 10223 
1 10312 
1 10322 
1 10361 
1 10557 
1 10582 
1 10693 
1 10699 
1 10738 
1 10787 
1 10797 
1 10862 
1 11024 
1 11047 
1 11051 
1 11068 
1 11096 
1 11105 
1 11126 
1 11182 
1 11273 
1 11307 
1 11381 
1 11529 
1 11678 
1 11714 
1 11799 
1 11860 
1 11882 
1 11939 
1 11947 
1 11956 
1 12047 
1 12103 
1 12171 
1 12302 
1 14500 
1 14580 
1 14611 
1 14908 
1 15067 
1 15118 
1 15163 
1 15183 
1 15390 
1 15423 
1 15603 
1 15635 
1 15637 
1 16064 
1 16077 
1 16115 
1 16123 
1 16142 
1 16230 
1 16432 
1 16466 
1 16469 
1 16489 
1 16641 
1 16648 
1 16672 
1 16734 
1 16735 
1 16737 
1 16746 
1 16764 
1 16771 
1 16934 
1 16972 
1 17118 
1 17163 
1 17221 
1 17236 
1 17281 
1 17418 
1 17493 
1 17519 
1 17522 
1 17576 
1 17675 
1 17823 
1 17870 
1 17971 
1 17987 
1 18043 
1 18054 
1 18078 
1 18079 
1 18082 
1 18107 
1 18148 
1 18186 
1 18266 
1 18267 
1 18271 
1 18336 
1 18454 
1 18468 
1 18559 
1 18570 
1 18571 
1 18572 
1 18635 
1 18643 
1 18676 
1 18689 
1 18722 
1 18725 
1 18794 
1 18820 
1 18893 
1 18906 
1 18939 
1 19046 
1 19057 
1 19104 
1 19176 
1 19185 
1 19247 
1 19270 
1 19288 
1 19332 
1 19366 
1 19424 
1 19434 
1 19442 
1 19456 
1 19537 
1 19567 
1 19587 
1 19607 
1 19630 
1 19636 
1 19659 
1 19692 
1 19698 
1 19770 
1 19773 
1 19824 
1 19868 
1 19876 
1 19877 
1 19892 
1 19895 
1 19956 
1 19989 
1 20020 
1 20057 
1 20079 
1 20131 
1 20142 
1 20159 
1 20238 
1 20239 
1 20284 
1 20293 
1 20322 
1 20343 
1 20348 
1 20369 
1 20398 
1 20408 
1 20419 
1 20428 
1 20442 
1 20453 
1 20464 
1 20469 
1 20506 
1 20536 
1 20587 
1 20605 
1 20615 
1 20616 
1 20617 
1 20673 
1 20704 
1 20736 
1 20756 
1 20813 
1 20875 
1 21248 
1 21482 
1 21567 
1 21680 
