state={
	id=778
	name="STATE_778"
	history = {
		owner = PMK
		add_core_of = PMK
	}
	provinces={
		139 183 184 189 199 233 257 285 357 367 378 402 407 440 462 486 557 558 581 613 672 673 776 781 807 835 844 849 1006 1014 1116 1179 1187 1190 1251 1279 1315 1400 1401 1410 1484 1496 1547 1548 1556 1565 1568 1597 1680 1726 1751 1790 1799 1812 1824 1874 1877 1897 1918 1963 1978 1997 2000 2028 2084 2109 2112 2131 2134 2166 2359 2379 2391 2394 2422 2428 2435 2452 2469 2471 2619 2778 2806 2827 2876 2904 2932 2956 2985 3085 3099 3100 3117 3136 3258 3294 3327 3408 3465 3507 3511 3516 3521 3522 3525 3575 3673 3681 3693 3699 3708 3720 3740 3747 3753 3784 3791 3827 3843 3847 3851 3891 3897 3905 3942 4029 4119 4131 4154 4175 4195 4216 4271 4305 4435 4438 4468 4480 4491 4506 4537 4596 4602 4643 4672 4749 4804 4806 4811 4873 4902 4903 4967 5037 5046 5051 5276 5286 5372 5379 5407 5459 5517 5550 5568 5592 5614 5615 5649 5661 5700 5759 5766 5825 5826 5880 5922 5939 5948 5958 5959 6060 6081 6089 6103 6109 6143 6157 6162 6172 6195 6220 6243 6330 6353 6363 6381 6392 6402 6460 6472 6475 6477 6581 6586 6610 6611 6616 6649 6699 6729 6760 6785 6795 6857 6875 6879 6929 6948 6960 7030 7078 7128 7187 7230 7257 7259 7289 7307 7325 7345 7355 7356 7398 7497 7509 7526 7558 7598 7644 7659 7672 7730 7808 7865 7873 7896 7901 7912 8051 8077 8093 8346 8391 8463 8468 8521 8531 8571 8574 8595 8615 8636 8647 8687 8817 8868 8895 8923 9140 9279 9296 9300 9336 9341 9377 9392 9429 9440 9504 9562 9582 9650 9674 9783 9785 9843 9852 9854 9912 9917 9921 9942 9963 9991 10035 10039 10044 10048 10095 10117 10122 10134 10171 10196 10219 10248 10308 10323 10348 10375 10390 10398 10450 10452 10466 10481 10506 10517 10593 10617 10681 10682 10714 10729 10758 10773 10802 10813 10913 10952 10957 10971 10983 10991 11007 11045 11069 11070 11117 11136 11207 11220 11223 11268 11302 11313 11314 11450 11499 11501 11508 11547 11611 11658 11697 11737 11755 11764 11768 11867 11880 11899 11909 11910 12041 12076 12077 12152 12702 12756 12936 13341 13381 13430 13441 13485 18207 18226 18316 18406 18567 18673 18779 18875 18879 18973 19616 19688 19717 19733 19765 19769 19816 19829 19847 19926 19934 19955 20013 20014 20025 20034 20049 20078 20084 20096 20120 20121 20147 20171 20197 20198 20223 20265 20272 20279 20298 20325 20393 20405 20431 20459 20478 20479 20513 20524 20525 20557 20585 20621 20645 20678 20679 20691 20692 20714 20734 20742 20743 20748 20751 20759 20771 20775 20783 20787 20791 20792 20797 20802 20803 20821 20822 20827 20828 20829 20830 20839 20840 20845 20858 20859 20863 20866 20878 20888 20889 20890 20893 20900 20905 20906 20910 20913 20918 20919 20926 20931 20937 20938 20939 20940 20945 20950 20951 20952 20954 20966 20971 20972 20979 20980 20984 20985 20991 20997 21003 21004 21005 21010 21011 21029 21034 21041 21049 21060 21062 21071 21072 21077 21078 21089 21099 21105 21111 21116 21117 21131 21132 21137 21138 21139 21147 21153 21159 21160 21163 21164 21165 21166 21171 21177 21181 21183 21185 21190 21200 21201 21207 21210 21211 21215 21222 21225 21226 21232 21239 21240 21246 21247 21252 21253 21254 21263 21264 21270 21273 21274 21280 21294 21299 21301 21307 21313 21314 21315 21317 21322 21326 21337 21341 21345 21353 21358 21364 21368 21371 21376 21382 21383 21387 21388 21394 21396 21399 21403 21412 21417 21428 21433 21434 21438 21445 21454 21463 21466 21480 21492 21509 21512 21513 21524 21534 21535 21536 21541 21544 21552 21559 21563 21572 21580 21588 21593 21598 21612 21613 21623 21630 21639 21640 21645 21648 21656 21664 21665 21667 21668 21679 21685 21689 21711 21714 21715 21716 21725 21730 21745 21749 21751 21753 21760 21772 21788 21803 21807 21814 21824 21860 21866 21868 21869 21882 21883 21888 21894 21908 22071 
	}
	manpower=1
	buildings_max_level_factor=1.000
	state_category = town
	local_supplies=0.000
}
