state={
	id=779
	name="STATE_779"
	history = {
		owner = LKS
		add_core_of = LKS
	}
	provinces={
		69 118 216 218 307 336 405 433 577 626 786 839 935 1104 1239 1305 1493 1574 1705 1744 1986 1994 2108 2121 2133 2182 2185 2235 2462 2509 2574 2645 2703 2773 2775 2821 2891 3031 3161 3299 3312 3330 3334 3379 3497 3576 3590 3626 3739 3837 3922 3927 3947 3991 4062 4269 4295 4422 4447 4523 4526 4533 4534 4703 4777 4779 5229 5243 5337 5373 5546 5552 5653 5755 5788 5835 5915 6185 6192 6306 6397 6430 6466 6467 6655 6837 6865 6937 7020 7206 7479 7506 7590 7615 7793 7882 8002 8096 8221 8261 8279 8329 8357 8362 8461 8528 8652 8678 8745 8832 8927 8933 9278 9329 9500 9529 9535 9677 9691 9905 9943 10026 10053 10074 10081 10204 10367 10428 10433 10572 10659 10680 10918 10944 10960 11087 11334 11382 11639 11728 11866 11979 12102 12277 12589 20690 20713 20732 20733 20741 20755 20768 20838 20844 20899 20963 21009 21033 21048 21052 21061 21069 21070 21091 21108 21115 21130 21136 21170 21188 21189 21199 21206 21214 21217 21231 21243 21260 21262 21272 21286 21308 21343 21344 21352 21363 21392 21393 21398 21437 21440 21447 21462 21483 21491 21497 21505 21508 21516 21537 21548 21549 21555 21584 21596 21597 21611 21638 21652 21663 21678 21688 21700 21703 21724 21726 21759 21786 21793 21796 21802 21813 21820 21823 21844 21848 21880 21881 21902 22073 22075 
	}
	manpower=1
	buildings_max_level_factor=1.000
	state_category = town
	local_supplies=0.000
}
