state={
	id=780
	name="STATE_780"
	history = {
		owner = HCP
		add_core_of = HCP
	}
	provinces={
		27 196 256 260 298 586 608 701 885 926 1056 1231 1274 1282 1294 1298 1558 1868 1893 1991 2442 2555 2760 2990 3004 3088 3346 3489 3717 4525 4563 4588 4603 4784 4845 4978 5487 5937 6040 7069 7135 7984 8259 8330 8872 8894 8922 9244 9576 9774 9842 9848 10493 10585 10598 10709 10727 10732 10791 10808 11012 11100 11351 11869 11940 12062 12638 16453 21653 21718 21742 21744 21750 21758 21777 21781 21785 21789 21810 21812 21818 21826 21852 21884 21915 21974 21976 21988 21993 21997 22010 22028 22077 22078 
	}
	manpower=1
	buildings_max_level_factor=1.000
	state_category = town
	local_supplies=0.000
}
