state={
	id=781
	name="STATE_781"
	history = {
		owner = XKS
		add_core_of = XKS
	}
	provinces={
		14 24 40 45 46 65 86 168 209 335 398 437 585 634 649 674 846 918 1108 1146 1332 1458 1464 1535 1594 1625 1649 1787 1811 1850 1859 1872 1888 1941 1961 2092 2136 2258 2291 2383 2389 2481 2592 2627 2676 2704 2844 2930 2987 3127 3201 3351 3370 3419 3420 3461 3463 3572 3625 3698 3796 3835 3857 3862 3965 4095 4100 4202 4219 4229 4308 4324 4539 4659 5023 5076 5090 5105 5180 5412 5460 5574 5652 5800 5813 6010 6039 6148 6297 6327 6539 6585 6591 6643 6666 6802 7056 7248 7315 7324 7348 7457 7613 7633 7656 7933 8006 8102 8132 8243 8380 8419 8460 8710 9047 9126 9213 9269 9272 9323 9357 9593 9739 9745 9835 9936 9984 10022 10163 10236 10381 10772 10930 11065 11278 11558 11610 11630 11681 11723 11769 11981 12031 12100 12134 12194 12337 12343 12386 12444 12452 12510 12532 12626 12637 12703 12749 12787 12815 12885 12893 12927 12980 13023 13049 13055 13068 13074 13185 13241 13251 13305 13417 13478 18848 18915 18965 19052 20774 21551 21592 21629 21657 21727 21729 21743 21754 21757 21765 21797 21800 21829 21832 21837 21841 21851 21871 21906 21928 21948 21958 22007 22018 22024 
	}
	manpower=1
	buildings_max_level_factor=1.000
	state_category = town
	local_supplies=0.000
}
