state={
	id=782
	name="STATE_782"
	history = {
		owner = RMP
		add_core_of = RMP
	}
	provinces={
		78 88 96 121 263 280 328 392 476 485 493 507 521 567 628 636 720 819 893 909 976 1003 1018 1021 1048 1148 1168 1206 1245 1257 1290 1343 1352 1440 1517 1525 1636 1702 1712 1736 1909 1960 2017 2019 2031 2089 2094 2256 2308 2357 2453 2485 2493 2535 2767 2772 2797 2807 2916 3066 3091 3109 3120 3181 3265 3272 3354 3427 3561 3704 3743 3770 3873 3937 3972 4166 4193 4246 4279 4288 4397 4464 4518 4742 4787 4814 4885 4926 4960 5014 5139 5190 5208 5246 5345 5533 5556 5792 5950 6212 6268 6298 6319 6374 6401 6485 6613 6754 6780 6805 6874 6897 6901 7029 7068 7109 7204 7225 7300 7341 7376 7385 7587 7822 7831 7841 7918 7956 8064 8331 8375 8421 8479 8584 8602 8671 8711 8743 8831 8840 8970 9076 9352 9363 9396 9401 9514 9572 9600 9660 9748 9802 9808 9844 10109 10146 10177 10404 10468 10790 10822 10946 10967 11296 11386 11428 11590 11637 11649 11659 11687 11811 12001 12065 12163 12184 12207 18535 18601 18648 19074 20146 20185 20196 20208 20256 20287 20291 20302 20324 20328 20353 20370 20384 20400 20401 20404 20417 20440 20447 20452 20466 20473 20474 20496 20508 20523 20526 20529 20539 20556 20572 20573 20584 20620 20644 20654 20697 20710 20725 20795 21015 21021 21022 21031 21066 21074 21096 21103 21123 21124 21142 21143 21156 21195 21235 21275 21287 21304 21305 21306 21309 21374 21397 21419 21436 21453 21456 21486 21487 21515 21554 21571 21579 21600 21607 21617 21622 21636 21673 21677 21699 21710 21712 21719 21735 21756 21774 21780 21809 21815 21819 21825 21840 21843 21865 21914 21968 21979 21984 21994 21999 22000 22004 22011 22015 22019 22037 22041 22070 
	}
	manpower=1
	buildings_max_level_factor=1.000
	state_category=town
	local_supplies=0.000
}
