state={
	id=783
	name="STATE_783"
	history = {
		owner = KRP
		add_core_of = KRP
	}
	provinces={
		18 148 155 171 277 395 478 500 543 662 682 699 723 738 753 836 936 946 966 973 996 1022 1070 1183 1192 1202 1342 1370 1382 1441 1492 1629 1717 1784 1792 1882 1894 1946 2050 2075 2123 2211 2325 2368 2390 2464 2533 2601 2606 2671 2710 2715 2717 2735 2779 2791 2811 2856 2942 3139 3213 3395 3397 3443 3484 3495 3515 3532 3602 3615 3631 3675 3703 3726 3795 3833 3903 3973 4000 4017 4023 4026 4108 4112 4121 4133 4260 4273 4490 4497 4543 4575 4660 4698 4732 4740 4758 4830 4833 4847 4927 5008 5053 5112 5136 5287 5314 5332 5342 5347 5386 5409 5423 5453 5536 5547 5577 5600 5609 5618 5690 5696 5756 5851 5876 5893 5897 5945 5970 6253 6332 6389 6432 6514 6533 6550 6570 6574 6604 6642 6740 6813 6815 6839 6891 6954 6991 7139 7154 7163 7200 7214 7233 7312 7328 7403 7439 7490 7492 7510 7567 7583 7649 7674 7765 7829 7855 7948 7989 8025 8036 8059 8067 8079 8092 8125 8177 8236 8263 8293 8303 8326 8370 8401 8425 8578 8580 8629 8637 8659 8677 8808 8822 8905 8960 9025 9035 9086 9089 9133 9265 9267 9397 9482 9484 9517 9659 9807 9849 9878 9951 10339 10356 10359 10442 10513 10518 10594 10609 10679 10723 10734 10821 10828 10872 10895 10940 10947 11046 11052 11190 11227 11316 11349 11377 11443 11459 11504 11516 11573 11695 11720 11776 11784 11855 11859 11927 11950 12029 12131 17276 17439 17491 17506 17559 19594 20689 20726 20730 20731 20740 20747 20766 20767 20779 20780 20781 20782 20796 20801 20808 20820 20836 20837 20852 20857 20862 20872 20877 20883 20897 20898 20916 20917 20924 20925 20930 20943 20944 20956 20961 20962 20970 20977 20978 20989 20990 20995 20996 21000 21001 21002 21016 21017 21018 21023 21024 21025 21028 21032 21039 21040 21044 21045 21059 21067 21068 21075 21076 21084 21085 21086 21087 21088 21097 21098 21104 21107 21110 21125 21126 21127 21129 21135 21144 21145 21146 21151 21152 21158 21161 21162 21169 21174 21176 21182 21187 21196 21197 21198 21205 21230 21236 21237 21238 21241 21242 21245 21251 21258 21259 21269 21278 21279 21288 21289 21291 21292 21293 21297 21298 21310 21324 21325 21328 21332 21333 21349 21350 21351 21356 21357 21362 21370 21375 21379 21390 21391 21402 21411 21420 21426 21427 21431 21432 21439 21457 21459 21464 21465 21474 21477 21479 21495 21496 21503 21504 21507 21511 21517 21526 21527 21543 21547 21550 21564 21583 21587 21595 21618 21619 21628 21637 21669 21670 21674 22072 22074 
	}
	manpower=1
	buildings_max_level_factor=1.000
	state_category = town
	local_supplies=0.000
}
